 18.333 4.666 16.000 20.666 26.000 13.666
 10.666 17.333 31.333 3.666 5.666 27.666
 27.666 4.333 20.333 23.000 14.666 13.000
 25.666 11.333 11.333 .666 31.000 8.000
 8.333 9.333 16.333 30.666 1.000 2.666
 14.666 29.000 21.000 20.666 7.666 32.666
 30.000 6.666 2.000 26.333 10.666 10.000
 24.333 30.333 13.666 12.000 0 31.000
 21.000 32.000 5.666 18.666 10.000 27.000
 12.333 18.666 11.666 30.000 23.000 11.666
 10.666 18.000 29.000 20.333 27.000 33.000
 7.000 25.666 15.666 18.000 33.000 12.000
 31.000 2.333 28.333 4.000 22.333 5.333
 21.666 17.666 9.000 19.666 32.666 31.333
 7.666 2.333 19.666 6.333 25.000 4.333
 15.666 22.666 26.333 27.666 27.000 28.666
 17.000 16.333 28.000 32.000 23.666 31.333
 7.666 33.000 3.000 5.666 18.333 23.333
 16.333 26.333 20.666 17.000 2.000 32.000
 18.666 5.333 17.000 6.000 3.666 7.666
 32.666 0 26.000 26.666 25.000 17.666
 25.666 10.000 19.333 13.666 28.666 5.666
 31.000 13.333 20.666 12.333 30.666 6.666
 10.000 28.666 21.000 15.000 23.333 33.000
 .666 21.000 29.666 13.666 31.666 28.000
 25.666 3.333 29.000 8.000 .666 28.666
 14.333 5.666 27.333 7.000 17.333 4.000
 11.000 21.666 32.666 12.666 6.333 3.333
 17.333 5.666 22.666 8.666 20.333 1.666
 13.000 31.333 13.333 33.000 16.000 6.666
 19.333 26.333 26.333 23.000 23.666 21.333
 2.000 4.000 32.333 1.333 5.333 32.666
 26.333 0 13.333 27.666 16.333 21.666
 17.000 4.333 9.666 28.000 20.666 9.666
 20.000 11.333 4.000 .333 4.000 10.666
 12.000 30.666 5.000 14.666 27.333 20.000
 2.000 3.333 24.000 7.333 20.666 20.666
 23.000 32.666 1.000 11.333 5.333 20.333
 7.000 8.333 .666 8.000 31.000 15.000
 27.333 6.000 .666 26.333 17.000 24.333
 31.000 19.000 25.000 17.333 25.666 9.000
 3.333 20.333 31.000 26.333 24.666 22.333
 2.000 15.000 31.333 22.333 22.666 21.000
 .666 18.000 2.666 10.666 28.666 16.333
 20.000 17.333 7.333 .333 6.333 24.333
 26.000 23.333 29.000 29.000 13.000 28.666
 0 22.000 29.666 20.333 9.333 14.000
 28.333 12.000 27.000 15.000 16.333 26.666
 32.000 10.333 27.333 10.666 29.333 5.000
 23.333 31.666 1.000 17.666 10.333 16.000
