 55.000 14.000 48.000 62.000 78.000 41.000
 32.000 52.000 94.000 11.000 17.000 83.000
 83.000 13.000 61.000 69.000 44.000 39.000
 77.000 34.000 34.000 2.000 93.000 24.000
 25.000 28.000 49.000 92.000 3.000 8.000
 44.000 87.000 63.000 62.000 23.000 98.000
 90.000 20.000 6.000 79.000 32.000 30.000
 73.000 91.000 41.000 36.000 0 93.000
 63.000 96.000 17.000 56.000 30.000 81.000
 37.000 56.000 35.000 90.000 69.000 35.000
 32.000 54.000 87.000 61.000 81.000 99.000
 21.000 77.000 47.000 54.000 99.000 36.000
 93.000 7.000 85.000 12.000 67.000 16.000
 65.000 53.000 27.000 59.000 98.000 94.000
 23.000 7.000 59.000 19.000 75.000 13.000
 47.000 68.000 79.000 83.000 81.000 86.000
 51.000 49.000 84.000 96.000 71.000 94.000
 23.000 99.000 9.000 17.000 55.000 70.000
 49.000 79.000 62.000 51.000 6.000 96.000
 56.000 16.000 51.000 18.000 11.000 23.000
 98.000 0 78.000 80.000 75.000 53.000
 77.000 30.000 58.000 41.000 86.000 17.000
 93.000 40.000 62.000 37.000 92.000 20.000
 30.000 86.000 63.000 45.000 70.000 99.000
 2.000 63.000 89.000 41.000 95.000 84.000
 77.000 10.000 87.000 24.000 2.000 86.000
 43.000 17.000 82.000 21.000 52.000 12.000
 33.000 65.000 98.000 38.000 19.000 10.000
 52.000 17.000 68.000 26.000 61.000 5.000
 39.000 94.000 40.000 99.000 48.000 20.000
 58.000 79.000 79.000 69.000 71.000 64.000
 6.000 12.000 97.000 4.000 16.000 98.000
 79.000 0 40.000 83.000 49.000 65.000
 51.000 13.000 29.000 84.000 62.000 29.000
 60.000 34.000 12.000 1.000 12.000 32.000
 36.000 92.000 15.000 44.000 82.000 60.000
 6.000 10.000 72.000 22.000 62.000 62.000
 69.000 98.000 3.000 34.000 16.000 61.000
 21.000 25.000 2.000 24.000 93.000 45.000
 82.000 18.000 2.000 79.000 51.000 73.000
 93.000 57.000 75.000 52.000 77.000 27.000
 10.000 61.000 93.000 79.000 74.000 67.000
 6.000 45.000 94.000 67.000 68.000 63.000
 2.000 54.000 8.000 32.000 86.000 49.000
 60.000 52.000 22.000 1.000 19.000 73.000
 78.000 70.000 87.000 87.000 39.000 86.000
 0 66.000 89.000 61.000 28.000 42.000
 85.000 36.000 81.000 45.000 49.000 80.000
 96.000 31.000 82.000 32.000 88.000 15.000
 70.000 95.000 3.000 53.000 31.000 48.000
