1.828559494327938184e-01
9.287927615961456551e-01
2.967593448329550743e-01
9.140045915582025726e-01
8.373140383849884127e-01
8.287793290183887995e-01
3.445052837425542913e-01
4.223273381398755522e-01
7.111221727539820403e-01
2.536597793328362327e-01
7.158889989903627349e-01
3.220353666053918928e-01
6.248760975543576901e-01
9.031587161608609637e-01
1.854313108041705238e-01
9.953638825581544447e-01
8.327580479418561499e-01
5.622129058629300458e-01
7.026371958906747484e-01
5.806714968739195015e-01
